4 1 0 3 3
9 2 0 6 6
13 3 0 7 7
14 4 0 3 3
21 5 0 7 7
37 9 0 12 12
38 6 0 20 20
63 18 0 19 19
65 13 0 30 30
67 26 0 6 6
67 25 0 6 6
69 16 0 26 26
70 11 0 40 40
71 28 0 6 6
74 29 0 8 8
75 23 0 19 19
92 33 0 19 19
97 34 0 22 22
97 21 0 46 46
99 27 0 36 36
100 15 0 59 59
101 12 0 71 71
102 24 0 43 43
102 17 2 57 59
103 37 0 13 13
103 20 0 53 53
104 14 0 64 64
104 19 0 56 56
105 10 0 80 80
105 22 2 49 51
106 38 0 15 15
106 31 8 27 35
107 7 0 85 85
108 8 0 85 85
109 40 0 13 13
120 30 0 51 51
121 41 0 24 24
122 32 0 50 50
123 48 0 10 10
124 42 0 22 22
125 36 0 40 40
126 35 0 46 46
126 44 0 20 20
126 47 0 14 14
127 43 0 23 23
128 39 0 33 33
135 45 0 24 24
136 49 0 19 19
136 50 0 17 17
142 46 0 31 31
5.06305 5.98297 20.2284 0.763977
30 30 30 30
Win
50
0.24
30.7
