49 2 0 43 43
57 3 0 47 47
63 17 0 22 22
63 1 0 58 58
89 24 0 35 35
94 13 0 63 63
94 20 21 26 47
95 10 0 74 74
95 19 3 45 48
98 27 26 8 34
100 16 0 60 60
100 11 0 76 76
112 7 0 96 96
114 22 0 62 62
115 8 0 99 99
115 21 0 63 63
116 26 28 26 54
116 14 60 24 84
118 29 0 50 50
118 23 0 66 66
122 28 16 41 57
133 4 0 121 121
227 25 8 160 168
228 5 0 216 216
230 6 0 214 214
232 15 0 197 197
232 18 0 190 190
232 12 2 202 204
233 30 0 160 160
233 9 0 213 213
12.5305 17.2031 34.1891 3.15452
12 4 12 5
Win
30
5.46667
91.9
