14 1 0 13 13
23 5 0 15 15
24 2 0 19 19
25 3 0 19 19
47 18 0 10 10
52 21 0 8 8
90 28 0 27 27
110 31 0 43 43
112 43 0 12 12
113 33 3 41 44
117 37 1 37 38
117 16 22 62 84
118 30 0 51 51
123 10 0 103 103
124 32 0 56 56
125 26 0 66 66
125 14 0 96 96
126 7 0 113 113
126 4 0 118 118
127 9 0 111 111
127 8 0 113 113
127 24 4 71 75
128 20 0 84 84
128 23 0 81 81
129 36 0 52 52
129 11 0 106 106
129 47 0 15 15
135 44 0 30 30
142 25 0 86 86
148 41 0 52 52
149 29 0 84 84
151 49 0 32 32
152 40 0 61 61
152 48 0 38 38
152 22 0 106 106
155 27 0 96 96
158 6 0 146 146
159 15 0 130 130
159 19 0 119 119
160 12 0 135 135
160 17 7 116 123
160 35 18 65 83
161 39 0 72 72
163 13 0 134 134
163 38 0 79 79
164 45 0 54 54
164 42 0 67 67
165 34 0 93 93
166 46 0 53 53
167 50 0 47 47
55.8418 32.511 94.2637 1.36713
9 30 2 30
Win
50
1.1
68.74
