12 1 0 6 6
34 8 0 11 11
54 11 0 23 23
55 16 0 12 12
55 19 0 6 6
56 13 0 21 21
57 3 0 45 45
58 15 0 16 16
77 24 0 12 12
90 4 0 76 76
90 6 0 72 72
91 27 0 16 16
100 30 0 23 23
102 38 0 11 11
103 22 0 43 43
104 9 0 80 80
111 5 0 97 97
112 10 0 86 86
112 2 0 101 101
113 14 3 72 75
115 21 0 58 58
115 12 10 74 84
116 45 0 9 9
116 7 0 94 94
118 39 0 24 24
118 35 0 32 32
120 23 0 60 60
121 37 0 35 35
122 32 0 43 43
123 25 0 57 57
124 28 0 47 47
124 43 0 21 21
126 44 0 22 22
129 47 0 14 14
131 31 0 53 53
132 20 0 80 80
133 41 0 32 32
133 36 7 40 47
134 17 0 91 91
135 18 0 88 88
136 26 0 66 66
136 34 0 50 50
136 29 0 59 59
137 33 0 56 56
141 49 0 18 18
151 50 0 24 24
152 48 0 33 33
155 40 12 44 56
165 55 0 20 20
171 57 0 20 20
172 58 0 20 20
174 59 0 18 18
179 52 0 48 48
180 56 0 32 32
183 63 0 14 14
185 66 0 10 10
198 70 0 12 12
211 77 0 10 10
219 73 0 26 26
221 82 0 9 9
230 76 7 23 30
231 84 0 11 11
232 64 0 62 62
233 74 0 38 38
233 67 0 55 55
243 89 0 9 9
245 53 0 109 109
245 54 0 105 105
246 60 0 89 89
246 79 0 38 38
250 94 0 9 9
256 61 0 95 95
259 98 0 9 9
261 97 0 11 11
261 42 0 159 159
268 68 0 89 89
270 62 0 106 106
273 51 0 146 146
273 88 0 42 42
273 46 0 161 161
274 91 0 38 38
276 69 0 93 93
277 65 0 106 106
277 72 0 85 85
277 75 0 81 81
277 85 3 51 54
278 83 0 61 61
278 100 0 26 26
279 81 0 69 69
279 92 0 40 40
279 99 0 29 29
281 93 4 37 41
282 71 0 95 95
284 86 0 61 61
284 78 0 78 78
284 95 0 39 39
285 90 0 51 51
285 87 0 59 59
285 80 0 77 77
286 96 0 40 40
1.9747 121.92 105.285 19.1173
30 24 9 30
Win
100
0.46
49.74
